2 50083
4 25166
6 16803
8 12391
10 9939
12 8363
14 7139
16 6273
18 5488
20 4928
22 4507
24 4182
26 3818
28 3595
30 3511
32 3161
34 2889
36 2866
38 2552
40 2506
42 2434
44 2247
46 2238
48 2159
50 1935
52 1894
54 1828
56 1811
58 1757
60 1637
62 1586
64 1484
66 1492
68 1513
70 1396
72 1358
74 1390
76 1348
78 1278
80 1232
82 1195
84 1191
86 1090
88 1199
90 1056
92 1139
94 1069
96 1061
98 999
100 1001
102 961
104 963
106 964
108 923
110 920
112 932
114 845
116 858
118 838
120 878
122 846
124 771
126 865
128 781
130 781
132 712
134 722
136 724
138 713
140 796
142 726
144 702
146 641
148 661
150 642
152 659
154 628
156 617
158 623
160 606
162 583
164 613
166 558
168 575
170 601
172 558
174 554
176 499
178 567
180 497
182 522
184 518
186 484
188 518
190 494
192 469
194 441
196 472
198 476
200 473
202 453
204 440
206 448
208 478
210 445
212 444
214 429
216 444
218 436
220 412
222 424
224 398
226 413
228 405
230 412
232 419
234 401
236 403
238 405
240 377
242 369
244 387
246 351
248 322
250 379
252 341
254 379
256 340
258 346
260 359
262 362
264 344
266 343
268 327
270 367
272 327
274 319
276 341
278 351
280 323
282 325
284 308
286 306
288 326
290 298
292 339
294 295
296 302
298 304
300 324
302 310
304 303
306 277
308 282
310 283
312 276
314 251
316 270
318 234
320 260
322 248
324 276
326 259
328 260
330 269
332 246
334 240
336 236
338 252
340 229
342 253
344 223
346 229
348 244
350 227
352 266
354 228
356 227
358 212
360 221
362 262
364 217
366 204
368 214
370 206
372 194
374 195
376 197
378 192
380 202
382 206
384 220
386 212
388 214
390 214
392 184
394 212
396 203
398 190
400 215
402 153
404 185
406 194
408 184
410 186
412 157
414 177
416 202
418 179
420 179
422 176
424 177
426 172
428 174
430 162
432 154
434 149
436 149
438 138
440 145
442 199
444 160
446 145
448 168
450 161
452 120
454 139
456 157
458 151
460 132
462 188
464 153
466 155
468 155
470 153
472 150
474 146
476 139
478 145
480 150
482 137
484 118
486 133
488 142
490 151
492 128
494 140
496 123
498 110
500 105
502 136
504 132
506 126
508 124
510 120
512 144
514 122
516 113
518 123
520 120
522 110
524 109
526 115
528 138
530 117
532 106
534 130
536 129
538 113
540 134
542 123
544 103
546 103
548 116
550 91
552 102
554 91
556 84
558 114
560 98
562 92
564 98
566 84
568 95
570 72
572 93
574 97
576 93
578 82
580 86
582 91
584 69
586 101
588 63
590 103
592 96
594 102
596 85
598 79
600 84
602 92
604 77
606 71
608 73
610 86
612 68
614 77
616 73
618 77
620 72
622 76
624 74
626 68
628 72
630 74
632 67
634 67
636 78
638 68
640 69
642 76
644 59
646 69
648 66
650 65
652 55
654 62
656 66
658 63
660 48
662 67
664 52
666 62
668 57
670 53
672 73
674 48
676 43
678 57
680 62
682 59
684 59
686 58
688 47
690 57
692 51
694 65
696 58
698 56
700 63
702 60
704 52
706 63
708 48
710 62
712 53
714 41
716 37
718 47
720 44
722 44
724 47
726 53
728 46
730 44
732 47
734 43
736 48
738 37
740 37
742 50
744 46
746 34
748 27
750 46
752 41
754 53
756 36
758 46
760 36
762 46
764 39
766 33
768 36
770 35
772 29
774 42
776 40
778 27
780 28
782 36
784 40
786 33
788 34
790 24
792 31
794 31
796 34
798 30
800 24
802 28
804 35
806 24
808 29
810 46
812 32
814 30
816 34
818 32
820 36
822 36
824 26
826 18
828 36
830 21
832 26
834 35
836 27
838 28
840 19
842 29
844 29
846 31
848 28
850 28
852 29
854 25
856 30
858 30
860 23
862 25
864 21
866 20
868 25
870 22
872 20
874 29
876 20
878 23
880 24
882 12
884 25
886 28
888 23
890 14
892 14
894 15
896 27
898 26
900 15
902 19
904 22
906 25
908 21
910 21
912 18
914 18
916 18
918 21
920 26
922 14
924 23
926 18
928 29
930 18
932 14
934 17
936 15
938 23
940 18
942 24
944 14
946 16
948 12
950 12
952 14
954 7
956 20
958 16
960 13
962 18
964 18
966 18
968 16
970 13
972 11
974 15
976 25
978 12
980 15
982 23
984 17
986 4
988 12
990 11
992 11
994 19
996 11
998 13
